/*
 * Copyright (c) 2023-2023 Advanced Robotics at the University of Washington <robomstr@uw.edu>
 *
 * This file is part of aruw-mcb.
 *
 * aruw-mcb is free software: you can redistribute it and/or modify
 * it under the terms of the GNU General Public License as published by
 * the Free Software Foundation, either version 3 of the License, or
 * (at your option) any later version.
 *
 * aruw-mcb is distributed in the hope that it will be useful,
 * but WITHOUT ANY WARRANTY; without even the implied warranty of
 * MERCHANTABILITY or FITNESS FOR A PARTICULAR PURPOSE.  See the
 * GNU General Public License for more details.
 *
 * You should have received a copy of the GNU General Public License
 * along with aruw-mcb.  If not, see <https://www.gnu.org/licenses/>.
 */

#ifndef FIVE_BAR_LOOKUP_HPP_
#define FIVE_BAR_LOOKUP_HPP_
#include <array>

namespace aruwsrc::chassis
{
// angle is in degrees
// distances are in mm (to store as ints)
static const float FIVE_BAR_T1_MIN = 385.0;
static const float FIVE_BAR_T1_MAX = 265.0;
static const float FIVE_BAR_T1_DELTA = -5.0;
static const float FIVE_BAR_T2_MIN = 155.0;
static const float FIVE_BAR_T2_MAX = 275.0;
static const float FIVE_BAR_T2_DELTA = 5.0;
static const std::array<std::array<short, 25>, 25> FIVE_BAR_LUT_X = {{
    {-108, -111, -113, -117, -121, -125, -130, -135, -141, -148, -155, -163, -172,
     -181, -191, -202, -213, -225, -237, -249, -262, -275, -288, -301, -314},
    {-105, -108, -111, -114, -118, -122, -127, -133, -139, -146, -153, -161, -170,
     -179, -189, -200, -211, -223, -235, -247, -260, -273, -286, -299, -312},
    {-103, -105, -108, -111, -115, -120, -124, -130, -136, -143, -150, -158, -167,
     -177, -187, -197, -209, -220, -232, -245, -258, -270, -283, -296, -309},
    {-99,  -102, -105, -108, -112, -116, -121, -127, -133, -140, -147, -155, -164,
     -173, -184, -194, -205, -217, -229, -242, -254, -267, -280, -293, -306},
    {-95,  -98,  -101, -104, -108, -112, -117, -123, -129, -136, -143, -151, -160,
     -170, -180, -190, -202, -213, -225, -238, -250, -263, -276, -289, -301},
    {-91,  -94,  -96,  -100, -104, -108, -113, -118, -125, -131, -139, -147, -156,
     -165, -176, -186, -197, -209, -221, -233, -246, -259, -271, -284, -296},
    {-86,  -89,  -92,  -95,  -99,  -103, -108, -114, -120, -127, -134, -142, -151,
     -161, -171, -181, -192, -204, -216, -228, -241, -253, -266, -278, -290},
    {-81,  -83,  -86,  -89,  -93,  -98,  -102, -108, -114, -121, -129, -137, -146,
     -155, -165, -176, -187, -198, -210, -222, -235, -247, -259, -272, -283},
    {-75,  -77,  -80,  -83,  -87,  -91,  -96,  -102, -108, -115, -122, -131, -139,
     -149, -159, -169, -180, -192, -204, -216, -228, -240, -252, -264, -276},
    {-68,  -70,  -73,  -76,  -80,  -85,  -89,  -95,  -101, -108, -116, -124, -133,
     -142, -152, -162, -174, -185, -197, -209, -221, -233, -245, -256, -268},
    {-61,  -63,  -66,  -69,  -73,  -77,  -82,  -87,  -94,  -100, -108, -116, -125,
     -134, -144, -155, -166, -177, -189, -201, -213, -224, -236, -248, -258},
    {-53,  -55,  -58,  -61,  -65,  -69,  -74,  -79,  -85,  -92,  -100, -108, -117,
     -126, -136, -147, -158, -169, -180, -192, -204, -215, -227, -238, -249},
    {-44,  -46,  -49,  -52,  -56,  -60,  -65,  -70,  -77,  -83,  -91,  -99, -108,
     -117, -127, -138, -149, -160, -171, -183, -194, -206, -217, -228, -238},
    {-35,  -37,  -39,  -43,  -46,  -51,  -55,  -61,  -67,  -74,  -82,  -90, -99,
     -108, -118, -128, -139, -150, -162, -173, -185, -196, -207, -217, -227},
    {-25, -27,  -29,  -32,  -36,  -40,  -45,  -51,  -57,  -64,  -72,  -80, -89,
     -98, -108, -118, -129, -140, -152, -163, -174, -185, -196, -206, -216},
    {-14, -16, -19,  -22,  -26,  -30,  -35,  -40,  -47,  -54,  -61,  -69, -78,
     -88, -98, -108, -119, -130, -141, -152, -163, -174, -185, -195, -204},
    {-3,  -5,  -7,  -11,  -14,  -19,  -24,  -29,  -36,  -42,  -50,  -58, -67,
     -77, -87, -97, -108, -119, -130, -141, -152, -163, -173, -183, -191},
    {9,   7,   4,   1,   -3,   -7,   -12,  -18,  -24,  -31,  -39,  -47, -56,
     -66, -76, -86, -97, -108, -119, -130, -141, -152, -162, -171, -179},
    {21,  19,  16,  13,  9,   5,    0,    -6,   -12,  -19,  -27,  -36, -45,
     -54, -64, -75, -86, -97, -108, -119, -130, -140, -150, -159, -166},
    {33,  31,  29,  26,  22,  17,  12,   6,    0,    -7,   -15,  -24, -33,
     -43, -53, -64, -75, -86, -97, -108, -119, -129, -139, -147, -154},
    {46,  44,  42,  38,  34,  30,  25,  19,   12,   5,    -3,   -12, -22,
     -31, -42, -53, -64, -75, -86, -97, -108, -118, -128, -136, -142},
    {59,  57,  54,  51,  47,  43,  37,  31,  24,   17,   8,    -1,  -10,
     -20, -31, -42, -53, -64, -76, -87, -98, -108, -117, -125, -131},
    {72, 70,  67,  64,  60,  55,  50,  43,  36,  29,   20,   11,  1,
     -9, -20, -31, -43, -54, -66, -77, -88, -99, -108, -116, -121},
    {85, 83,  80,  77,  73,  68,  62,  56,  48,  40,   32,   22,  12,
     1,  -10, -21, -33, -45, -57, -69, -80, -91, -100, -108, -113},
    {98, 96, 93,  90,  85,  80,  74,  67,  60,  52,  42,   33,  22,
     11, 0,  -12, -25, -37, -50, -62, -74, -85, -95, -103, -108},
}};  // FIVE_BAR_LUT_X
static const std::array<std::array<short, 25>, 25> FIVE_BAR_LUT_Y = {{
    {-99,  -102, -105, -109, -113, -117, -122, -126, -131, -137, -142, -147, -153,
     -158, -163, -167, -172, -176, -179, -182, -184, -186, -186, -187, -186},
    {-102, -105, -109, -113, -117, -122, -127, -132, -137, -143, -149, -155, -160,
     -166, -171, -176, -181, -185, -189, -192, -195, -197, -198, -199, -199},
    {-105, -109, -113, -117, -122, -127, -132, -138, -144, -150, -156, -162, -168,
     -175, -180, -186, -191, -196, -200, -203, -206, -209, -210, -211, -211},
    {-109, -113, -117, -122, -127, -132, -138, -144, -151, -157, -164, -170, -177,
     -184, -190, -196, -201, -206, -211, -215, -218, -220, -222, -223, -224},
    {-113, -117, -122, -127, -132, -138, -144, -151, -158, -165, -172, -179, -186,
     -193, -199, -206, -212, -217, -222, -226, -229, -232, -234, -236, -237},
    {-117, -122, -127, -132, -138, -145, -151, -158, -166, -173, -180, -188, -195,
     -203, -209, -216, -222, -228, -233, -237, -241, -244, -247, -248, -249},
    {-122, -127, -132, -138, -144, -151, -158, -166, -174, -181, -189, -197, -205,
     -212, -220, -227, -233, -239, -244, -249, -253, -256, -259, -261, -262},
    {-126, -132, -138, -144, -151, -158, -166, -174, -182, -190, -198, -207, -215,
     -222, -230, -237, -244, -250, -255, -260, -265, -268, -271, -273, -275},
    {-131, -137, -144, -151, -158, -166, -174, -182, -190, -199, -207, -216, -224,
     -233, -240, -248, -255, -261, -267, -272, -276, -280, -283, -285, -287},
    {-137, -143, -150, -157, -165, -173, -181, -190, -199, -208, -217, -226, -234,
     -243, -251, -258, -265, -272, -278, -283, -287, -291, -294, -297, -299},
    {-142, -149, -156, -164, -172, -180, -189, -198, -207, -217, -226, -235, -244,
     -252, -261, -268, -276, -282, -288, -294, -298, -302, -306, -308, -310},
    {-147, -155, -162, -170, -179, -188, -197, -207, -216, -226, -235, -244, -253,
     -262, -271, -278, -286, -293, -299, -304, -309, -313, -316, -319, -321},
    {-153, -160, -168, -177, -186, -195, -205, -215, -224, -234, -244, -253, -263,
     -272, -280, -288, -296, -303, -309, -314, -319, -323, -327, -329, -332},
    {-158, -166, -175, -184, -193, -203, -212, -222, -233, -243, -252, -262, -272,
     -281, -289, -297, -305, -312, -318, -324, -329, -333, -336, -339, -341},
    {-163, -171, -180, -190, -199, -209, -220, -230, -240, -251, -261, -271, -280,
     -289, -298, -306, -314, -321, -327, -333, -338, -342, -345, -348, -351},
    {-167, -176, -186, -196, -206, -216, -227, -237, -248, -258, -268, -278, -288,
     -297, -306, -315, -322, -329, -336, -341, -346, -350, -354, -357, -359},
    {-172, -181, -191, -201, -212, -222, -233, -244, -255, -265, -276, -286, -296,
     -305, -314, -322, -330, -337, -343, -349, -354, -358, -361, -364, -366},
    {-176, -185, -196, -206, -217, -228, -239, -250, -261, -272, -282, -293, -303,
     -312, -321, -329, -337, -344, -350, -356, -361, -365, -368, -371, -373},
    {-179, -189, -200, -211, -222, -233, -244, -255, -267, -278, -288, -299, -309,
     -318, -327, -336, -343, -350, -357, -362, -367, -371, -374, -377, -379},
    {-182, -192, -203, -215, -226, -237, -249, -260, -272, -283, -294, -304, -314,
     -324, -333, -341, -349, -356, -362, -368, -372, -376, -380, -382, -384},
    {-184, -195, -206, -218, -229, -241, -253, -265, -276, -287, -298, -309, -319,
     -329, -338, -346, -354, -361, -367, -372, -377, -381, -384, -386, -388},
    {-186, -197, -209, -220, -232, -244, -256, -268, -280, -291, -302, -313, -323,
     -333, -342, -350, -358, -365, -371, -376, -381, -385, -387, -390, -391},
    {-186, -198, -210, -222, -234, -247, -259, -271, -283, -294, -306, -316, -327,
     -336, -345, -354, -361, -368, -374, -380, -384, -387, -390, -392, -394},
    {-187, -199, -211, -223, -236, -248, -261, -273, -285, -297, -308, -319, -329,
     -339, -348, -357, -364, -371, -377, -382, -386, -390, -392, -394, -395},
    {-186, -199, -211, -224, -237, -249, -262, -275, -287, -299, -310, -321, -332,
     -341, -351, -359, -366, -373, -379, -384, -388, -391, -394, -395, -396},
}};  // FIVE_BAR_LUT_Y

}  // namespace aruwsrc::chassis

#endif